{
  "nbformat": 4,
  "nbformat_minor": 0,
  "metadata": {
    "colab": {
      "name": "Matrix Algebra",
      "provenance": [],
      "authorship_tag": "ABX9TyNVSASkgkd2xSqNC1gKCbQL",
      "include_colab_link": true
    },
    "kernelspec": {
      "name": "python3",
      "display_name": "Python 3"
    },
    "language_info": {
      "name": "python"
    }
  },
  "cells": [
    {
      "cell_type": "markdown",
      "metadata": {
        "id": "view-in-github",
        "colab_type": "text"
      },
      "source": [
        "<a href=\"https://colab.research.google.com/github/JamesSoriano/Linear-Algebra-58019/blob/main/Matrix_Algebra.ipynb\" target=\"_parent\"><img src=\"https://colab.research.google.com/assets/colab-badge.svg\" alt=\"Open In Colab\"/></a>"
      ]
    },
    {
      "cell_type": "markdown",
      "metadata": {
        "id": "WRz8OQ5lzZp3"
      },
      "source": [
        "##Python program to inverse "
      ]
    },
    {
      "cell_type": "code",
      "metadata": {
        "colab": {
          "base_uri": "https://localhost:8080/"
        },
        "id": "GDUrJTfdzZNs",
        "outputId": "a1c43582-e707-4c04-f061-e884db11ac0c"
      },
      "source": [
        "import numpy as np\n",
        "A = np.array([[1,2,],[4,7]])\n",
        "invA = (np.linalg.inv(A))\n",
        "print(invA)"
      ],
      "execution_count": 9,
      "outputs": [
        {
          "output_type": "stream",
          "name": "stdout",
          "text": [
            "[[-7.  2.]\n",
            " [ 4. -1.]]\n"
          ]
        }
      ]
    },
    {
      "cell_type": "code",
      "metadata": {
        "colab": {
          "base_uri": "https://localhost:8080/"
        },
        "id": "rfFTBMV335Qn",
        "outputId": "c7958ac9-caf3-46cb-b20d-4a3a431c1123"
      },
      "source": [
        "C = np.dot(A,invA)\n",
        "print(C)"
      ],
      "execution_count": 10,
      "outputs": [
        {
          "output_type": "stream",
          "name": "stdout",
          "text": [
            "[[1. 0.]\n",
            " [0. 1.]]\n"
          ]
        }
      ]
    },
    {
      "cell_type": "code",
      "metadata": {
        "colab": {
          "base_uri": "https://localhost:8080/"
        },
        "id": "P_ADGDih4lMP",
        "outputId": "65146f0a-ac32-410b-cf35-9133bc5f27b4"
      },
      "source": [
        "##Python Program to Inverse a 3x3 Matrix A = ([6,1,1],[4,-2,5],[2,8,7])\n",
        "A = np.array([[6,1,1],[4,-2,5],[2,8,7]])\n",
        "print(A,\"\\n\")\n",
        "B = np.transpose(A)\n",
        "print(B)\n"
      ],
      "execution_count": 16,
      "outputs": [
        {
          "output_type": "stream",
          "name": "stdout",
          "text": [
            "[[ 6  1  1]\n",
            " [ 4 -2  5]\n",
            " [ 2  8  7]] \n",
            "\n",
            "[[ 6  4  2]\n",
            " [ 1 -2  8]\n",
            " [ 1  5  7]]\n"
          ]
        }
      ]
    },
    {
      "cell_type": "code",
      "metadata": {
        "colab": {
          "base_uri": "https://localhost:8080/"
        },
        "id": "bnGA8PqP7SYK",
        "outputId": "ccda94f9-59d6-4c80-ebc9-c855544a7081"
      },
      "source": [
        "##Python Program to Inverse a 3x3 Matrix A = ([6,1,1],[4,-2,5],[2,8,7])\n",
        "A = np.array([[6,1,1],[4,-2,5],[2,8,7]])\n",
        "print(A,\"\\n\")\n",
        "B = np.linalg.inv(A)\n",
        "print(B)"
      ],
      "execution_count": 17,
      "outputs": [
        {
          "output_type": "stream",
          "name": "stdout",
          "text": [
            "[[ 6  1  1]\n",
            " [ 4 -2  5]\n",
            " [ 2  8  7]] \n",
            "\n",
            "[[ 0.17647059 -0.00326797 -0.02287582]\n",
            " [ 0.05882353 -0.13071895  0.08496732]\n",
            " [-0.11764706  0.1503268   0.05228758]]\n"
          ]
        }
      ]
    },
    {
      "cell_type": "markdown",
      "metadata": {
        "id": "pzXXyDAd7ojx"
      },
      "source": [
        "##Program Code of Product A and B"
      ]
    },
    {
      "cell_type": "code",
      "metadata": {
        "colab": {
          "base_uri": "https://localhost:8080/"
        },
        "id": "JY0CTAZF77gF",
        "outputId": "db90f593-5f30-4d5d-ed31-ec3205dd3ecf"
      },
      "source": [
        "productAB= np.dot(A,B)\n",
        "print(productAB)"
      ],
      "execution_count": 19,
      "outputs": [
        {
          "output_type": "stream",
          "name": "stdout",
          "text": [
            "[[ 1.00000000e+00  0.00000000e+00  2.77555756e-17]\n",
            " [-1.38777878e-17  1.00000000e+00  1.38777878e-17]\n",
            " [-4.16333634e-17  1.38777878e-16  1.00000000e+00]]\n"
          ]
        }
      ]
    },
    {
      "cell_type": "markdown",
      "metadata": {
        "id": "AY8ZEBL--S-h"
      },
      "source": [
        "##Create a Python Program to inverse and transpose a 4x4 matrix"
      ]
    },
    {
      "cell_type": "code",
      "metadata": {
        "colab": {
          "base_uri": "https://localhost:8080/"
        },
        "id": "XcrcGSRs-PIt",
        "outputId": "7a97ccf7-4fd7-4d38-d71d-869a726ab1c4"
      },
      "source": [
        "A = ([[6,1,1,3],[4,-2,5,1],[2,8,7,6],[3,1,9,7]])\n",
        "print(A,\"\\n\")\n",
        "#Transpose variable A\n",
        "Atran = np.transpose(A)\n",
        "#Inverse variable A\n",
        "Ainv = np.linalg.inv(A)\n",
        "print(\"Transpose\\n\",Atran)\n",
        "print(\"\\nInverse\\n\", Ainv)"
      ],
      "execution_count": 26,
      "outputs": [
        {
          "output_type": "stream",
          "name": "stdout",
          "text": [
            "[[6, 1, 1, 3], [4, -2, 5, 1], [2, 8, 7, 6], [3, 1, 9, 7]] \n",
            "\n",
            "Transpose\n",
            " [[ 6  4  2  3]\n",
            " [ 1 -2  8  1]\n",
            " [ 1  5  7  9]\n",
            " [ 3  1  6  7]]\n",
            "\n",
            "Inverse\n",
            " [[ 0.13368984  0.10695187  0.02139037 -0.09090909]\n",
            " [-0.00229183  0.02673797  0.14820474 -0.12987013]\n",
            " [-0.12987013  0.18181818  0.06493506 -0.02597403]\n",
            " [ 0.11000764 -0.28342246 -0.11382735  0.23376623]]\n"
          ]
        }
      ]
    }
  ]
}